General format of weights file: w (m) (node index first layer) (node index second layer) (weight)
w 0 0 0 1.9963610583786908
w 0 0 1 -2.6907263648122672
w 0 0 2 1.4906242396626208
w 0 0 3 -4.7921365443162225
w 0 0 4 9.523970708104131E-7
w 0 0 5 9.523970708104131E-7
w 0 1 0 3.6881115808191023
w 0 1 1 6.773626142742839
w 0 1 2 4.096456097227825
w 0 1 3 -0.7228435123192221
w 0 1 4 -1.0358019749610932E-6
w 0 1 5 -1.0358019749610932E-6
w 0 2 0 0.0
w 0 2 1 0.0
w 0 2 2 0.0
w 0 2 3 0.0
w 0 2 4 0.0
w 0 2 5 0.0
w 0 3 0 0.0
w 0 3 1 0.0
w 0 3 2 0.0
w 0 3 3 0.0
w 0 3 4 0.0
w 0 3 5 0.0
w 0 4 0 0.0
w 0 4 1 0.0
w 0 4 2 0.0
w 0 4 3 0.0
w 0 4 4 0.0
w 0 4 5 0.0
w 0 5 0 0.0
w 0 5 1 0.0
w 0 5 2 0.0
w 0 5 3 0.0
w 0 5 4 0.0
w 0 5 5 0.0
w 1 0 0 1.0816653561264975
w 1 0 1 0.8676904777254392
w 1 0 2 2.8861432851880195
w 1 0 3 1.2470792413149563
w 1 0 4 0.03513778224223626
w 1 0 5 0.03513778224223626
w 1 1 0 -5.022655461028732
w 1 1 1 2.2683462709105195
w 1 1 2 2.3749899103601244
w 1 1 3 -0.19319677159143694
w 1 1 4 0.05717760500582166
w 1 1 5 0.05717760500582166
w 1 2 0 0.5238401840464452
w 1 2 1 2.576168514906558
w 1 2 2 1.924298837217733
w 1 2 3 1.2600075082091962
w 1 2 4 0.037027297602253664
w 1 2 5 0.037027297602253664
w 1 3 0 13.385986057550987
w 1 3 1 -10.661260973010119
w 1 3 2 1.3483912214571767
w 1 3 3 -2.550435040363188
w 1 3 4 -0.03537104751982246
w 1 3 5 -0.03537104751982246
w 1 4 0 8.39778387813953E-4
w 1 4 1 -0.0017633525716078174
w 1 4 2 3.9553540682227586E-5
w 1 4 3 -6.648718905382955E-4
w 1 4 4 0.0
w 1 4 5 0.0
w 1 5 0 8.39778387813953E-4
w 1 5 1 -0.0017633525716078174
w 1 5 2 3.9553540682227586E-5
w 1 5 3 -6.648718905382955E-4
w 1 5 4 0.0
w 1 5 5 0.0
w 2 0 0 -13.634072532304966
w 2 0 1 -8.352711431664098
w 2 0 2 -8.13169045741609
w 2 0 3 0.0
w 2 0 4 0.0
w 2 0 5 0.0
w 2 1 0 5.073930191540705
w 2 1 1 8.619272660780487
w 2 1 2 8.563642236541899
w 2 1 3 0.0
w 2 1 4 0.0
w 2 1 5 0.0
w 2 2 0 -0.6735892278690662
w 2 2 1 1.0925015211645988
w 2 2 2 0.9967557747761135
w 2 2 3 0.0
w 2 2 4 0.0
w 2 2 5 0.0
w 2 3 0 0.7857456291936763
w 2 3 1 3.0280029601942973
w 2 3 2 2.952859775463851
w 2 3 3 0.0
w 2 3 4 0.0
w 2 3 5 0.0
w 2 4 0 0.19068391013184852
w 2 4 1 0.04474467995727732
w 2 4 2 -0.004114417204322788
w 2 4 3 0.0
w 2 4 4 0.0
w 2 4 5 0.0
w 2 5 0 0.19068391013184852
w 2 5 1 0.04474467995727732
w 2 5 2 -0.004114417204322788
w 2 5 3 0.0
w 2 5 4 0.0
w 2 5 5 0.0
